lastAccountName: Kevlar
timestamps:
  login: 1588309936799
  lastteleport: 1588313155759
  logout: 1588313354299
ipAddress: 192.168.0.151
lastlocation:
  world: kevlar
  x: -126.72276914352526
  y: 88.14736056838919
  z: 664.2378754469042
  yaw: 260.12067
  pitch: 62.07209
logoutlocation:
  world: kevlar
  x: 130.7608845121797
  y: 65.0
  z: 255.76088451217967
  yaw: 0.0
  pitch: 0.0
afk: false
