lastAccountName: Kevlar
timestamps:
  login: 1588308979870
  lastteleport: 1588309500319
  logout: 1588309581086
ipAddress: 192.168.0.151
lastlocation:
  world: kevlar
  x: -627.5363477465862
  y: 115.98887864488454
  z: 40.58873643785287
  yaw: 7.525217
  pitch: 17.849985
logoutlocation:
  world: kevlar
  x: -82.70101686623657
  y: 117.69510054836087
  z: 709.3311608494271
  yaw: -254.97075
  pitch: 29.123693
