lastAccountName: CrunchyCaffine
timestamps:
  login: 1588309257451
  logout: 1588309660833
ipAddress: 127.0.0.1
lastlocation:
  world: kevlar
  x: -608.1201017345348
  y: 119.56866019447223
  z: 36.60930216584585
  yaw: 98.39642
  pitch: 21.899788
logoutlocation:
  world: kevlar
  x: -86.32401591759027
  y: 82.0
  z: 711.6874974493677
  yaw: -233.26608
  pitch: 25.500252
