lastAccountName: catsinasippycup
timestamps:
  login: 1588306622623
  logout: 1588306648383
ipAddress: 127.0.0.1
lastlocation:
  world: kevlar
  x: 131.5
  y: 65.0
  z: 256.5
  yaw: 2.4293194
  pitch: 0.0
logoutlocation:
  world: kevlar
  x: 79.53780987125991
  y: 100.90191456202908
  z: 96.35629025889124
  yaw: 173.55066
  pitch: 1.3500024
