lastAccountName: s_mitty
timestamps:
  login: 1588310877170
  logout: 1588313271901
  lastteleport: 1588313242241
ipAddress: 127.0.0.1
logoutlocation:
  world: kevlar
  x: 207.05831615290066
  y: 100.43498052367872
  z: 441.6539282888429
  yaw: -23.250032
  pitch: -13.650004
lastlocation:
  world: kevlar
  x: -124.63382122377382
  y: 87.49313586160444
  z: 661.6937790162709
  yaw: -4.7292786
  pitch: 41.399902
afk: false
