lastAccountName: ABG_Patrol
timestamps:
  login: 1588136836635
  logout: 1588136873835
ipAddress: 127.0.0.1
lastlocation:
  world: kevlar
  x: 131.5
  y: 65.0
  z: 256.5
  yaw: 1.2903386
  pitch: 0.0
logoutlocation:
  world: kevlar
  x: 102.97921130854805
  y: 100.2916982829141
  z: 70.71456562382657
  yaw: 86.876015
  pitch: 36.703663
