world: kevlar
x: -185.95006276219226
y: 72.0
z: 525.957324927511
yaw: 63.43228
pitch: 27.599993
name: airport
lastowner: a55aa0d5-851c-363a-9b6f-f56fd5842a3d
