world: kevlar
x: 7.088491800638854
y: 81.0
z: 637.642922481343
yaw: 91.61456
pitch: 27.149937
name: aquaduct
lastowner: a55aa0d5-851c-363a-9b6f-f56fd5842a3d
