world: kevlar
x: -56.6866716622467
y: 64.0
z: 534.4435533877981
yaw: 270.8838
pitch: 7.9497743
name: archives
lastowner: a55aa0d5-851c-363a-9b6f-f56fd5842a3d
