world: kevlar
x: -406.62191875827097
y: 79.0
z: 436.63653110395404
yaw: 71.53308
pitch: 5.2500954
name: castle
lastowner: a55aa0d5-851c-363a-9b6f-f56fd5842a3d
