world: kevlar
x: -113.57380281985115
y: 50.0
z: 686.3516412652591
yaw: 87.11536
pitch: 7.199863
name: central
lastowner: a55aa0d5-851c-363a-9b6f-f56fd5842a3d
