world: kevlar
x: -96.09932952016864
y: 64.0
z: 665.8312777372008
yaw: 0.28277588
pitch: 65.4
name: citycenter
lastowner: a55aa0d5-851c-363a-9b6f-f56fd5842a3d
