world: kevlar
x: 30.441937088812438
y: 85.0
z: 500.4069529458516
yaw: 346.93518
pitch: 62.249866
name: egg
lastowner: a55aa0d5-851c-363a-9b6f-f56fd5842a3d
