world: kevlar
x: -194.68141845698872
y: 77.0
z: 702.7549383014263
yaw: -324.61658
pitch: 40.79996
name: farm
lastowner: a55aa0d5-851c-363a-9b6f-f56fd5842a3d
