world: kevlar
x: -670.423008534065
y: 80.0
z: 1071.1599817844492
yaw: 103.46265
pitch: 28.799969
name: gun
lastowner: a55aa0d5-851c-363a-9b6f-f56fd5842a3d
