world: kevlar
x: -171.93483304155848
y: 167.17585750756498
z: 1731.1455937915277
yaw: 95.23377
pitch: 1.5000398
name: kevlar
lastowner: a55aa0d5-851c-363a-9b6f-f56fd5842a3d
