world: kevlar
x: 391.121161420062
y: 68.5
z: 570.8230212905852
yaw: -84.91882
pitch: -8.550003
name: mansion
lastowner: a55aa0d5-851c-363a-9b6f-f56fd5842a3d
