world: kevlar
x: -175.18538853249908
y: 89.0
z: 658.4482892380577
yaw: -267.46716
pitch: 21.600004
name: pagota
lastowner: a55aa0d5-851c-363a-9b6f-f56fd5842a3d
