world: kevlar
x: -313.3712827933826
y: 63.125
z: 436.77096540018823
yaw: 354.4329
pitch: 76.65009
name: runway
lastowner: a55aa0d5-851c-363a-9b6f-f56fd5842a3d
