world: kevlar
x: 57.71848866297228
y: 115.0
z: 1202.2892523183368
yaw: 92.83252
pitch: 13.500082
name: ski
lastowner: a55aa0d5-851c-363a-9b6f-f56fd5842a3d
