world: kevlar
x: 291.43039687648235
y: 61.0
z: 552.4583167957469
yaw: -170.4153
pitch: 15.749981
name: smitpool
lastowner: a55aa0d5-851c-363a-9b6f-f56fd5842a3d
