world: kevlar
x: 159.19842583857675
y: 63.0
z: 379.4859076991401
yaw: 175.63422
pitch: 17.999945
name: spacex
lastowner: a55aa0d5-851c-363a-9b6f-f56fd5842a3d
