world: kevlar
x: 81.48883875919402
y: 63.0
z: 548.5616424932068
yaw: 10.484802
pitch: 12.449902
name: stadium
lastowner: a55aa0d5-851c-363a-9b6f-f56fd5842a3d
