world: kevlar
x: -18.998613557699247
y: 67.0
z: 718.8722361627958
yaw: 171.13275
pitch: -14.849965
name: suburbia
lastowner: a55aa0d5-851c-363a-9b6f-f56fd5842a3d
