world: kevlar
x: -97.34377193152145
y: 63.0
z: 378.60525876178673
yaw: 191.98425
pitch: 12.449772
name: swamplands
lastowner: a55aa0d5-851c-363a-9b6f-f56fd5842a3d
