world: kevlar
x: -638.7203495389626
y: 133.0
z: 921.3070332922249
yaw: 315.11902
pitch: 24.599903
name: towers
lastowner: a55aa0d5-851c-363a-9b6f-f56fd5842a3d
