world: kevlar
x: -11.609383945069629
y: 69.0
z: 785.997299467373
yaw: -7.0852613
pitch: 50.249912
name: underforest
lastowner: a55aa0d5-851c-363a-9b6f-f56fd5842a3d
