world: kevlar
x: -194.44625589163803
y: 174.0
z: 914.6672982579677
yaw: 188.98276
pitch: 20.550047
name: watchtower
lastowner: a55aa0d5-851c-363a-9b6f-f56fd5842a3d
